1 0.042093 2.653170 0.392
1 0.194601 2.405059 0.421
1 0.271846 2.291208 0.433
1 0.474860 2.030423 0.455
1 0.536259 1.960857 0.461
1 0.645194 1.846400 0.472
1 0.768983 1.728888 0.485
1 0.990813 1.545624 0.507
1 1.156195 1.428611 0.520
1 1.596884 1.181182 0.539
1 1.854365 1.073009 0.515
1 2.010834 1.019550 0.473
1 2.077185 1.000060 0.448
1 2.087088 0.997344 0.445
1 2.305948 0.946659 0.373
1 2.917961 0.845569 0.304
1 3.394301 0.786969 0.299
1 3.693375 0.754325 0.301
1 3.909263 0.732145 0.305
1 4.002353 0.722886 0.308
